  PI3K/k_f2: 2.76938 
  PI3K/k_f3: 0.00212397 
  PI3K/k_r2: 42.0749 
  cytokines/k_f31: 14.6231 
  cytokines/k_f32: 9.91046e-10 
  cytokines/k_f4: 18.1872 
  cytokines/k_f5: 203.514 
  dupont_NFAT/kf: 0.00381114 
  geometry/dl4cytokines_parameter/k_f1: 2.06278 
  geometry/dl4cytokines_parameter/k_f10: 0.00155035 
  geometry/dl4cytokines_parameter/k_f21: 1.20519 
  geometry/dl4cytokines_parameter/k_f22: 0.984383 
  geometry/dl4cytokines_parameter/k_f23: 0.0386291 
  geometry/dl4cytokines_parameter/k_f24: 18.3103 
  geometry/dl4cytokines_parameter/k_f5: 0.00177429 
  geometry/dl4cytokines_parameter/k_r1: 0.00119978 
  geometry/dl4cytokines_parameter/k_r10: 0.00101131 
  geometry/dl4cytokines_parameter/k_r21: 2.76938 
  geometry/dl4cytokines_parameter/k_r23: 30.7118 
  geometry/dl4cytokines_parameter/k_r4: 0.0331519 
  geometry/dl4cytokines_parameter/k_r6: 0.0193256 
  hG_FC/k_f21: 0.0107219 
  hG_FC/k_r21: 0.255403 

Ssq[1.21273676e-08 3.10252746e-09 9.02484013e-09]