  PI3K/k_f2: 0.187478 
  PI3K/k_f3: 0.0151077 
  PI3K/k_r2: 7.24208 
  cytokines/k_f31: 4.03605 
  cytokines/k_f32: 1.09905e-08 
  cytokines/k_f4: 16735.3 
  cytokines/k_f5: 0.253686 
  dupont_NFAT/kf: 0.00111272 
  geometry/dl4cytokines_parameter/k_f1: 47.2939 
  geometry/dl4cytokines_parameter/k_f10: 0.0086111 
  geometry/dl4cytokines_parameter/k_f21: 0.0339439 
  geometry/dl4cytokines_parameter/k_f22: 0.00292623 
  geometry/dl4cytokines_parameter/k_f23: 0.00149053 
  geometry/dl4cytokines_parameter/k_f24: 1.50062 
  geometry/dl4cytokines_parameter/k_f5: 30.8849 
  geometry/dl4cytokines_parameter/k_r1: 0.00359067 
  geometry/dl4cytokines_parameter/k_r10: 0.0712898 
  geometry/dl4cytokines_parameter/k_r21: 0.0239549 
  geometry/dl4cytokines_parameter/k_r23: 10.4953 
  geometry/dl4cytokines_parameter/k_r4: 0.735697 
  geometry/dl4cytokines_parameter/k_r6: 0.00744016 
  hG_FC/k_f21: 0.0872806 
  hG_FC/k_r21: 0.0247767 

Ssq[1.75456523e-08 8.52065227e-09 9.02500000e-09]