  PI3K/k_f2: 0.0151077 
  PI3K/k_f3: 0.187478 
  PI3K/k_r2: 0.0116653 
  cytokines/k_f31: 0.325242 
  cytokines/k_f32: 8.24168e-10 
  cytokines/k_f4: 0.0814953 
  cytokines/k_f5: 10.6979 
  dupont_NFAT/kf: 0.00974472 
  geometry/dl4cytokines_parameter/k_f1: 30.7118 
  geometry/dl4cytokines_parameter/k_f10: 69.3919 
  geometry/dl4cytokines_parameter/k_f21: 0.00133202 
  geometry/dl4cytokines_parameter/k_f22: 0.00204201 
  geometry/dl4cytokines_parameter/k_f23: 0.0090072 
  geometry/dl4cytokines_parameter/k_f24: 0.058887 
  geometry/dl4cytokines_parameter/k_f5: 0.00186636 
  geometry/dl4cytokines_parameter/k_r1: 0.0044558 
  geometry/dl4cytokines_parameter/k_r10: 0.00574483 
  geometry/dl4cytokines_parameter/k_r21: 45.7767 
  geometry/dl4cytokines_parameter/k_r23: 0.00267452 
  geometry/dl4cytokines_parameter/k_r4: 0.0444579 
  geometry/dl4cytokines_parameter/k_r6: 0.449606 
  hG_FC/k_f21: 0.00342506 
  hG_FC/k_r21: 0.631383 

Ssq[1.90247079e-08 9.99971903e-09 9.02498890e-09]