  PI3K/k_f2: 0.0154513 
  PI3K/k_f3: 0.0151077 
  PI3K/k_r2: 7.24208 
  cytokines/k_f31: 1.79636 
  cytokines/k_f32: 4.67651e-07 
  cytokines/k_f4: 0.175051 
  cytokines/k_f5: 172.317 
  dupont_NFAT/kf: 0.0286761 
  geometry/dl4cytokines_parameter/k_f1: 1.22706 
  geometry/dl4cytokines_parameter/k_f10: 0.0933716 
  geometry/dl4cytokines_parameter/k_f21: 96.1413 
  geometry/dl4cytokines_parameter/k_f22: 0.00273534 
  geometry/dl4cytokines_parameter/k_f23: 0.151417 
  geometry/dl4cytokines_parameter/k_f24: 61.3194 
  geometry/dl4cytokines_parameter/k_f5: 0.0497482 
  geometry/dl4cytokines_parameter/k_r1: 0.00686161 
  geometry/dl4cytokines_parameter/k_r10: 0.0892655 
  geometry/dl4cytokines_parameter/k_r21: 0.90478 
  geometry/dl4cytokines_parameter/k_r23: 0.113038 
  geometry/dl4cytokines_parameter/k_r4: 0.0762648 
  geometry/dl4cytokines_parameter/k_r6: 0.00457767 
  hG_FC/k_f21: 0.0310241 
  hG_FC/k_r21: 0.00193039 

Ssq[1.56224992e-08 7.06645368e-09 8.55604551e-09]