  PI3K/k_f2: 1.15868 
  PI3K/k_f3: 0.00358261 
  PI3K/k_r2: 94.0036 
  cytokines/k_f31: 0.00302661 
  cytokines/k_f32: 3.47549e-10 
  cytokines/k_f4: 2.976e-05 
  cytokines/k_f5: 0.802226 
  dupont_NFAT/kf: 0.00469231 
  geometry/dl4cytokines_parameter/k_f1: 84.1017 
  geometry/dl4cytokines_parameter/k_f10: 0.0363127 
  geometry/dl4cytokines_parameter/k_f21: 0.14314 
  geometry/dl4cytokines_parameter/k_f22: 3.90219 
  geometry/dl4cytokines_parameter/k_f23: 0.0062855 
  geometry/dl4cytokines_parameter/k_f24: 0.020011 
  geometry/dl4cytokines_parameter/k_f5: 0.0231604 
  geometry/dl4cytokines_parameter/k_r1: 0.0478824 
  geometry/dl4cytokines_parameter/k_r10: 95.0665 
  geometry/dl4cytokines_parameter/k_r21: 31.9444 
  geometry/dl4cytokines_parameter/k_r23: 44.2584 
  geometry/dl4cytokines_parameter/k_r4: 0.0551695 
  geometry/dl4cytokines_parameter/k_r6: 0.00313749 
  hG_FC/k_f21: 0.368059 
  hG_FC/k_r21: 0.104482 

Ssq[1.64032484e-08 9.99589740e-09 6.40735098e-09]