  PI3K/k_f2: 0.156612 
  PI3K/k_f3: 0.293942 
  PI3K/k_r2: 0.0806749 
  cytokines/k_f31: 0.730751 
  cytokines/k_f32: 4.04969e-08 
  cytokines/k_f4: 0.000188111 
  cytokines/k_f5: 83.9128 
  dupont_NFAT/kf: 0.0343277 
  geometry/dl4cytokines_parameter/k_f1: 64.2121 
  geometry/dl4cytokines_parameter/k_f10: 2.84833 
  geometry/dl4cytokines_parameter/k_f21: 0.253972 
  geometry/dl4cytokines_parameter/k_f22: 26.3868 
  geometry/dl4cytokines_parameter/k_f23: 1.09534 
  geometry/dl4cytokines_parameter/k_f24: 0.00635657 
  geometry/dl4cytokines_parameter/k_f5: 0.0853399 
  geometry/dl4cytokines_parameter/k_r1: 0.10193 
  geometry/dl4cytokines_parameter/k_r10: 0.0363127 
  geometry/dl4cytokines_parameter/k_r21: 0.0144434 
  geometry/dl4cytokines_parameter/k_r23: 0.0223922 
  geometry/dl4cytokines_parameter/k_r4: 0.38499 
  geometry/dl4cytokines_parameter/k_r6: 0.00173288 
  hG_FC/k_f21: 0.00299278 
  hG_FC/k_r21: 0.509941 

Ssq[9.15638645e-09 1.31643997e-10 9.02474246e-09]